image_width: 1280
image_height: 720
camera_name: narrow_stereo
camera_matrix:
  rows: 3
  cols: 3
  data: [4452.89921,    0.     ,  396.07307,
            0.     , 4088.51948,  358.64304,
            0.     ,    0.     ,    1.     ]
distortion_model: plumb_bob
distortion_coefficients:
  rows: 1
  cols: 5
  data: [1.380439, 47.365299, 0.099806, -0.111937, 0.000000]
rectification_matrix:
  rows: 3
  cols: 3
  data: [1., 0., 0.,
         0., 1., 0.,
         0., 0., 1.]
projection_matrix:
  rows: 3
  cols: 4
  data: [4804.52148,    0.     ,  395.54575,    0.     ,
            0.     , 4458.36865,  378.0084 ,    0.     ,
            0.     ,    0.     ,    1.     ,    0.     ]
